Inference for Stan model: anon_model_70cd6ca86243c4ada216d1ccd0a55fde.
4 chains, each with iter=5000; warmup=2500; thin=1; 
post-warmup draws per chain=2500, total post-warmup draws=10000.

                 mean se_mean     sd   2.5%    25%    50%    75%  97.5%  n_eff   Rhat
temporal[0]    5.4e-3  3.6e-3   0.15  -0.29  -0.09 5.3e-3    0.1    0.3   1641    1.0
temporal[1]     -0.09  3.6e-3   0.15  -0.39  -0.19  -0.09 4.0e-3    0.2   1642    1.0
temporal[2]      -0.3  3.6e-3   0.15  -0.59  -0.39   -0.3   -0.2-7.1e-3   1651    1.0
temporal[3]     -0.43  3.6e-3   0.15  -0.73  -0.53  -0.43  -0.33  -0.14   1636    1.0
temporal[4]      -0.3  3.6e-3   0.15   -0.6   -0.4   -0.3  -0.21-9.4e-3   1641    1.0
temporal[5]     -0.17  3.6e-3   0.15  -0.46  -0.26  -0.17  -0.07   0.13   1643    1.0
temporal[6]     -0.12  3.6e-3   0.15  -0.41  -0.22  -0.12  -0.02   0.17   1639    1.0
temporal[7]     -0.25  3.6e-3   0.15  -0.55  -0.35  -0.25  -0.15   0.04   1643    1.0
temporal[8]     -0.03  3.6e-3   0.15  -0.32  -0.13  -0.03   0.07   0.26   1646    1.0
temporal[9]      0.13  3.6e-3   0.15  -0.16   0.03   0.13   0.23   0.42   1638    1.0
temporal[10]     0.09  3.6e-3   0.15   -0.2-1.1e-3   0.09   0.19   0.39   1638    1.0
temporal[11]    -0.11  3.6e-3   0.15  -0.41  -0.21  -0.11  -0.02   0.18   1638    1.0
temporal[12]    -0.05  3.6e-3   0.15  -0.35  -0.15  -0.05   0.04   0.24   1632    1.0
temporal[13]     0.02  3.6e-3   0.15  -0.27  -0.08   0.02   0.12   0.31   1643    1.0
temporal[14]     0.05  3.6e-3   0.15  -0.24  -0.04   0.05   0.15   0.34   1634    1.0
v[0]            -0.08  7.8e-4   0.08  -0.24  -0.14  -0.08  -0.03   0.07  10000    1.0
v[1]             0.13  5.0e-4   0.05   0.03   0.09   0.13   0.16   0.23  10000    1.0
v[2]              0.1  5.8e-4   0.06-9.3e-3   0.07    0.1   0.14   0.22  10000    1.0
v[3]            -0.12  6.9e-4   0.07  -0.26  -0.17  -0.12  -0.07   0.01  10000    1.0
v[4]            -0.24  7.5e-4   0.07  -0.39  -0.29  -0.24  -0.19  -0.09  10000    1.0
v[5]             0.11  5.3e-4   0.05 8.7e-3   0.08   0.12   0.15   0.22  10000    1.0
v[6]          -9.9e-3  5.4e-4   0.05  -0.12  -0.05-9.6e-3   0.03    0.1  10000    1.0
v[7]             0.14  4.9e-4   0.05   0.04    0.1   0.14   0.17   0.23  10000   1.01
v[8]             0.08  5.4e-4   0.05  -0.03   0.04   0.08   0.12   0.18  10000    1.0
v[9]             0.31  6.1e-4   0.06   0.19   0.27   0.31   0.35   0.43  10000    1.0
v[10]           -0.06  5.6e-4   0.06  -0.17   -0.1  -0.06  -0.03   0.04  10000    1.0
v[11]           -0.02  6.6e-4   0.07  -0.15  -0.06  -0.02   0.03   0.11  10000    1.0
v[12]            0.12  6.6e-4   0.07  -0.01   0.08   0.12   0.16   0.25  10000    1.0
v[13]            0.15  5.1e-4   0.05   0.04   0.11   0.14   0.18   0.25  10000    1.0
v[14]            0.25  5.4e-4   0.05   0.15   0.22   0.25   0.29   0.36  10000    1.0
v[15]            0.08  5.7e-4   0.06  -0.03   0.04   0.08   0.12   0.19  10000    1.0
v[16]            0.07  6.0e-4   0.06  -0.04   0.03   0.07   0.11   0.19  10000    1.0
v[17]         -7.1e-3  5.7e-4   0.06  -0.12  -0.05-6.8e-3   0.03    0.1  10000    1.0
v[18]            0.05  4.7e-4   0.05  -0.04   0.02   0.05   0.08   0.15  10000    1.0
v[19]            -0.1  5.8e-4   0.06  -0.22  -0.14   -0.1  -0.06   0.01  10000    1.0
v[20]            0.17  5.4e-4   0.05   0.07   0.14   0.18   0.21   0.28  10000    1.0
v[21]           -0.03  5.9e-4   0.06  -0.14  -0.06  -0.03   0.01   0.09  10000    1.0
v[22]           -0.26  7.5e-4   0.07  -0.41  -0.31  -0.26  -0.21  -0.12  10000    1.0
v[23]            0.08  5.3e-4   0.05  -0.03   0.04   0.08   0.12   0.18  10000    1.0
v[24]            0.13  4.4e-4   0.04   0.04    0.1   0.13   0.16   0.22  10000    1.0
v[25]            0.08  6.0e-4   0.06  -0.04   0.04   0.08   0.12    0.2  10000    1.0
v[26]            0.14  6.2e-4   0.06   0.02    0.1   0.14   0.18   0.26  10000    1.0
v[27]            0.03  5.9e-4   0.06  -0.09  -0.01   0.03   0.07   0.14  10000    1.0
v[28]            0.26  5.7e-4   0.06   0.14   0.22   0.26   0.29   0.37  10000    1.0
v[29]           -0.18  6.4e-4   0.06   -0.3  -0.22  -0.18  -0.13  -0.05  10000    1.0
v[30]           -0.07  6.5e-4   0.07  -0.19  -0.11  -0.07  -0.02   0.06  10000    1.0
v[31]            0.01  7.4e-4   0.07  -0.13  -0.04   0.01   0.06   0.16  10000    1.0
v[32]            0.06  5.2e-4   0.05  -0.05   0.02   0.06   0.09   0.16  10000    1.0
v[33]           -0.13  6.3e-4   0.06  -0.26  -0.18  -0.13  -0.09  -0.01  10000    1.0
v[34]           -0.17  5.6e-4   0.06  -0.28  -0.21  -0.17  -0.13  -0.06  10000    1.0
v[35]            0.13  5.4e-4   0.05   0.02   0.09   0.13   0.17   0.23  10000    1.0
v[36]           -0.03  7.1e-4   0.07  -0.17  -0.08  -0.03   0.02    0.1  10000    1.0
v[37]           -0.07  5.9e-4   0.06  -0.18   -0.1  -0.07  -0.03   0.05  10000    1.0
v[38]            0.12  5.4e-4   0.05 5.6e-3   0.08   0.12   0.15   0.22  10000    1.0
v[39]           -0.14  6.9e-4   0.07  -0.27  -0.18  -0.14  -0.09-3.8e-3  10000    1.0
v[40]            0.21  4.8e-4   0.05   0.11   0.17   0.21   0.24    0.3  10000    1.0
v[41]           -0.19  6.8e-4   0.07  -0.32  -0.24  -0.19  -0.15  -0.06  10000    1.0
v[42]            0.08  5.7e-4   0.06  -0.03   0.05   0.08   0.12    0.2  10000    1.0
v[43]          4.1e-3  5.5e-4   0.06  -0.11  -0.03 4.8e-3   0.04   0.11  10000    1.0
v[44]           -0.15  7.0e-4   0.07  -0.29   -0.2  -0.15   -0.1  -0.01  10000    1.0
v[45]           -0.01  5.0e-4   0.05  -0.11  -0.05  -0.01   0.02   0.09  10000    1.0
v[46]           -0.15  5.9e-4   0.06  -0.27  -0.19  -0.15  -0.11  -0.03  10000    1.0
v[47]            0.14  5.5e-4   0.05   0.03    0.1   0.14   0.18   0.25  10000    1.0
v[48]            0.14  7.4e-4   0.07  -0.01   0.09   0.14   0.19   0.28  10000    1.0
v[49]           -0.08  5.2e-4   0.05  -0.18  -0.11  -0.08  -0.04   0.03  10000    1.0
v[50]           -0.06  5.2e-4   0.05  -0.15  -0.09  -0.06  -0.02   0.05  10000    1.0
v[51]            0.14  5.3e-4   0.05   0.04   0.11   0.14   0.18   0.24  10000    1.0
v[52]           -0.04  4.9e-4   0.05  -0.14  -0.08  -0.04-8.1e-3   0.05  10000    1.0
v[53]           -0.05  5.9e-4   0.06  -0.17  -0.09  -0.05  -0.02   0.06  10000    1.0
v[54]             0.3  5.7e-4   0.06   0.19   0.27    0.3   0.34   0.42  10000    1.0
v[55]            0.25  5.2e-4   0.05   0.15   0.22   0.25   0.29   0.35  10000    1.0
v[56]            0.21  5.1e-4   0.05   0.11   0.18   0.21   0.25   0.31  10000    1.0
v[57]           -0.07  6.8e-4   0.07  -0.21  -0.12  -0.07  -0.03   0.06  10000    1.0
v[58]            -0.2  6.3e-4   0.06  -0.33  -0.25  -0.21  -0.16  -0.08  10000    1.0
v[59]            0.02  6.1e-4   0.06   -0.1  -0.02   0.02   0.06   0.14  10000    1.0
v[60]         -5.4e-3  5.3e-4   0.05  -0.11  -0.04-5.4e-3   0.03    0.1  10000    1.0
v[61]             0.1  7.1e-4   0.07  -0.04   0.05    0.1   0.15   0.24  10000    1.0
v[62]           -0.06  4.6e-4   0.05  -0.15  -0.09  -0.06  -0.03   0.03  10000    1.0
v[63]            0.05  4.7e-4   0.05  -0.05   0.02   0.05   0.08   0.14  10000    1.0
v[64]            0.07  4.9e-4   0.05  -0.03   0.03   0.07    0.1   0.16  10000    1.0
v[65]           -0.06  5.7e-4   0.06  -0.18   -0.1  -0.06  -0.03   0.05  10000    1.0
v[66]            0.11  8.7e-4   0.09  -0.06   0.05   0.11   0.17   0.28  10000    1.0
v[67]           -0.19  5.0e-4   0.05  -0.28  -0.22  -0.19  -0.15  -0.09  10000    1.0
v[68]           -0.05  7.6e-4   0.08   -0.2   -0.1  -0.05 6.7e-4    0.1  10000    1.0
v[69]            0.02  6.8e-4   0.07  -0.11  -0.02   0.02   0.07   0.15  10000    1.0
v[70]           -0.38  5.8e-4   0.06  -0.49  -0.42  -0.38  -0.34  -0.27  10000    1.0
v[71]            0.18  5.4e-4   0.05   0.07   0.14   0.18   0.22   0.29  10000    1.0
v[72]           -0.12  6.1e-4   0.06  -0.24  -0.16  -0.12  -0.08 2.6e-3  10000    1.0
v[73]           -0.04  5.6e-4   0.06  -0.16  -0.08  -0.04-5.3e-3   0.07  10000    1.0
v[74]            0.09  1.4e-3   0.04 5.1e-3   0.06   0.09   0.12   0.17    832    1.0
v[75]            0.03  6.6e-4   0.07   -0.1  -0.01   0.03   0.08   0.16  10000    1.0
v[76]           -0.18  5.3e-4   0.05  -0.28  -0.22  -0.18  -0.15  -0.08  10000    1.0
v[77]            0.05  5.2e-4   0.05  -0.05   0.01   0.05   0.08   0.15  10000    1.0
v[78]            0.15  6.0e-4   0.06   0.03   0.11   0.15   0.19   0.27  10000    1.0
v[79]           -0.06  6.7e-4   0.07   -0.2  -0.11  -0.06  -0.02   0.07  10000    1.0
v[80]           -0.06  6.8e-4   0.07   -0.2  -0.11  -0.06  -0.02   0.07  10000    1.0
v[81]            0.02  6.7e-4   0.07  -0.11  -0.03   0.02   0.07   0.15  10000    1.0
v[82]            0.25  2.0e-3   0.04   0.17   0.23   0.26   0.28   0.34    475   1.01
v[83]            -0.1  4.9e-4   0.05   -0.2  -0.14   -0.1  -0.07-7.7e-3  10000    1.0
v[84]           -0.06  6.0e-4   0.06  -0.18   -0.1  -0.06  -0.02   0.05  10000    1.0
v[85]           -0.16  7.0e-4   0.07   -0.3  -0.21  -0.16  -0.11  -0.02  10000    1.0
v[86]           -0.09  4.8e-4   0.05  -0.18  -0.12  -0.09  -0.06 6.2e-3  10000    1.0
v[87]            -0.1  5.2e-4   0.05   -0.2  -0.14   -0.1  -0.07 1.9e-3  10000    1.0
v[88]           -0.07  6.9e-4   0.07  -0.21  -0.11  -0.07  -0.02   0.06  10000    1.0
v[89]           -0.06  6.1e-4   0.06  -0.18   -0.1  -0.06  -0.02   0.06  10000    1.0
v[90]           -0.04  5.6e-4   0.06  -0.15  -0.08  -0.04-3.7e-3   0.07  10000    1.0
v[91]            0.01  5.7e-4   0.06   -0.1  -0.02   0.01   0.05   0.12  10000    1.0
v[92]            0.04  5.8e-4   0.06  -0.08-1.6e-3   0.04   0.08   0.15  10000    1.0
v[93]           -0.05  4.6e-4   0.05  -0.14  -0.08  -0.05  -0.02   0.05  10000    1.0
v[94]             0.1  4.9e-4   0.05 6.8e-3   0.07    0.1   0.14    0.2  10000    1.0
v[95]            0.11  5.5e-4   0.05-5.4e-3   0.07   0.11   0.14   0.21  10000    1.0
v[96]           -0.07  5.2e-4   0.05  -0.17  -0.11  -0.07  -0.04   0.03  10000    1.0
v[97]            0.05  5.2e-4   0.05  -0.06   0.01   0.05   0.08   0.14  10000    1.0
v[98]           -0.06  5.2e-4   0.05  -0.16   -0.1  -0.06  -0.03   0.04  10000    1.0
v[99]           -0.05  6.3e-4   0.06  -0.17  -0.09  -0.05-8.0e-3   0.07  10000    1.0
v[100]           0.19  5.2e-4   0.05   0.08   0.15   0.19   0.22   0.29  10000    1.0
v[101]           0.05  6.4e-4   0.06  -0.08 4.5e-3   0.05   0.09   0.17  10000    1.0
v[102]          -0.16  5.6e-4   0.06  -0.27   -0.2  -0.16  -0.13  -0.05  10000    1.0
v[103]          -0.13  5.7e-4   0.06  -0.25  -0.17  -0.13   -0.1  -0.02  10000    1.0
v[104]           0.12  7.1e-4   0.07  -0.02   0.07   0.12   0.17   0.26  10000    1.0
v[105]          -0.05  4.7e-4   0.05  -0.14  -0.08  -0.05  -0.02   0.05  10000    1.0
v[106]           0.04  1.4e-3   0.04  -0.04   0.02   0.04   0.07   0.12    830   1.01
v[107]          -0.23  4.8e-4   0.05  -0.32  -0.26  -0.23   -0.2  -0.13  10000    1.0
v[108]           0.09  4.7e-4   0.05-3.7e-3   0.06   0.09   0.12   0.18  10000    1.0
v[109]          -0.15  6.2e-4   0.06  -0.27  -0.19  -0.15   -0.1  -0.03  10000    1.0
v[110]          -0.15  4.6e-4   0.05  -0.24  -0.18  -0.15  -0.12  -0.06  10000    1.0
v[111]         1.2e-3  6.2e-4   0.06  -0.12  -0.04 2.2e-3   0.04   0.12  10000    1.0
v[112]           0.08  4.7e-4   0.05-9.9e-3   0.05   0.09   0.12   0.18  10000    1.0
v[113]          -0.05  5.4e-4   0.05  -0.16  -0.09  -0.05  -0.02   0.05  10000    1.0
v[114]          -0.13  6.4e-4   0.06  -0.26  -0.18  -0.13  -0.09-6.5e-3  10000    1.0
v[115]          -0.03  6.1e-4   0.06  -0.15  -0.07  -0.03   0.01   0.09  10000    1.0
v[116]           0.02  5.4e-4   0.05  -0.09  -0.02   0.02   0.05   0.12  10000    1.0
v[117]           0.05  6.5e-4   0.06  -0.08 3.9e-3   0.05   0.09   0.17  10000    1.0
v[118]          -0.09  5.2e-4   0.05   -0.2  -0.13  -0.09  -0.06 5.4e-3  10000    1.0
v[119]         7.4e-3  6.1e-4   0.06  -0.11  -0.03 7.7e-3   0.05   0.13  10000    1.0
v[120]          -0.12  5.7e-4   0.06  -0.23  -0.15  -0.12  -0.08-5.4e-3  10000    1.0
v[121]           0.16  5.6e-4   0.06   0.04   0.12   0.16   0.19   0.27  10000    1.0
v[122]           0.03  4.9e-4   0.05  -0.07-5.3e-3   0.03   0.06   0.12  10000    1.0
v[123]           0.03  5.6e-4   0.06  -0.08  -0.01   0.03   0.06   0.14  10000    1.0
v[124]           0.03  4.8e-4   0.05  -0.06 2.1e-5   0.03   0.06   0.13  10000    1.0
v[125]           0.11  4.8e-4   0.05   0.02   0.08   0.11   0.14   0.21  10000    1.0
v[126]           0.13  5.4e-4   0.05   0.03    0.1   0.13   0.17   0.24  10000    1.0
v[127]           0.16  5.1e-4   0.05   0.06   0.13   0.16    0.2   0.26  10000    1.0
v[128]           0.06  4.8e-4   0.05  -0.03   0.03   0.06   0.09   0.16  10000    1.0
v[129]            0.2  4.7e-4   0.05   0.11   0.17    0.2   0.23   0.29  10000    1.0
v[130]           0.11  5.0e-4   0.05   0.01   0.08   0.12   0.15   0.21  10000    1.0
v[131]          -0.03  5.4e-4   0.05  -0.14  -0.07  -0.03 7.2e-3   0.08  10000    1.0
v[132]           0.27  5.1e-4   0.05   0.17   0.24   0.27   0.31   0.37  10000    1.0
v[133]          -0.12  6.2e-4   0.06  -0.24  -0.16  -0.12  -0.08-3.3e-3  10000    1.0
v[134]           0.03  5.2e-4   0.05  -0.08-6.4e-3   0.03   0.06   0.13  10000    1.0
v[135]           0.02  5.4e-4   0.05  -0.09  -0.02   0.02   0.06   0.13  10000    1.0
v[136]           0.07  5.5e-4   0.05  -0.03   0.04   0.07   0.11   0.18  10000    1.0
v[137]           0.04  5.1e-4   0.05  -0.06   0.01   0.04   0.08   0.14  10000    1.0
v[138]           0.09  5.7e-4   0.06  -0.02   0.05   0.09   0.13    0.2  10000    1.0
v[139]          -0.06  6.3e-4   0.06  -0.18   -0.1  -0.06  -0.01   0.07  10000    1.0
v[140]        -1.5e-3  5.1e-4   0.05   -0.1  -0.04-1.0e-3   0.03    0.1  10000    1.0
v[141]           0.08  5.2e-4   0.05  -0.02   0.05   0.08   0.12   0.19  10000    1.0
v[142]           0.36  4.7e-4   0.05   0.27   0.33   0.37    0.4   0.46  10000    1.0
v[143]           0.22  4.9e-4   0.05   0.12   0.18   0.22   0.25   0.31  10000    1.0
v[144]          -0.22  6.2e-4   0.06  -0.34  -0.26  -0.22  -0.17  -0.09  10000    1.0
v[145]           0.14  5.1e-4   0.05   0.04   0.11   0.14   0.18   0.24  10000    1.0
v[146]          -0.13  6.1e-4   0.06  -0.25  -0.17  -0.13  -0.09  -0.01  10000    1.0
v[147]          -0.14  6.2e-4   0.06  -0.26  -0.18  -0.14   -0.1  -0.02  10000    1.0
v[148]          -0.05  5.7e-4   0.06  -0.16  -0.09  -0.05  -0.01   0.06  10000    1.0
v[149]           0.03  5.3e-4   0.05  -0.07-3.0e-3   0.03   0.07   0.14  10000    1.0
v[150]          -0.16  5.4e-4   0.05  -0.26  -0.19  -0.16  -0.12  -0.05  10000    1.0
v[151]          -0.13  6.0e-4   0.06  -0.25  -0.17  -0.13  -0.09  -0.01  10000    1.0
v[152]           0.08  6.1e-4   0.06  -0.04   0.04   0.08   0.12    0.2  10000    1.0
v[153]          -0.05  7.0e-4   0.07  -0.19   -0.1  -0.05-2.8e-3   0.09  10000    1.0
v[154]           -0.1  5.7e-4   0.06  -0.21  -0.13   -0.1  -0.06   0.02  10000    1.0
v[155]           0.04  5.9e-4   0.06  -0.07 1.5e-3   0.04   0.08   0.16  10000    1.0
v[156]           0.03  6.3e-4   0.06   -0.1  -0.02   0.03   0.07   0.15  10000    1.0
v[157]          -0.08  4.7e-4   0.05  -0.17  -0.11  -0.07  -0.04   0.02  10000    1.0
v[158]          -0.11  7.7e-4   0.08  -0.26  -0.17  -0.11  -0.06   0.03  10000    1.0
v[159]           0.16  5.2e-4   0.05   0.06   0.13   0.16    0.2   0.26  10000    1.0
v[160]          -0.11  6.0e-4   0.06  -0.23  -0.15  -0.11  -0.07 2.0e-3  10000    1.0
v[161]           0.04  5.6e-4   0.06  -0.07 1.6e-3   0.04   0.08   0.15  10000    1.0
v[162]          -0.11  6.2e-4   0.06  -0.23  -0.15  -0.11  -0.07 9.9e-3  10000    1.0
v[163]          -0.07  5.6e-4   0.06  -0.18  -0.11  -0.07  -0.03   0.04  10000    1.0
v[164]           0.02  5.5e-4   0.05  -0.09  -0.01   0.02   0.06   0.13  10000    1.0
v[165]          -0.24  5.3e-4   0.05  -0.34  -0.27  -0.24   -0.2  -0.13  10000    1.0
v[166]          -0.24  6.5e-4   0.07  -0.37  -0.29  -0.24   -0.2  -0.12  10000    1.0
v[167]          -0.14  7.7e-4   0.08  -0.29   -0.2  -0.14  -0.09 5.1e-3  10000    1.0
v[168]           0.22  7.0e-4   0.07   0.08   0.17   0.22   0.26   0.35  10000    1.0
v[169]           0.09  6.9e-4   0.07  -0.05   0.04   0.09   0.13   0.22  10000    1.0
v[170]        -9.8e-3  6.7e-4   0.07  -0.14  -0.05-8.5e-3   0.03   0.12  10000    1.0
v[171]           0.07  4.8e-4   0.05  -0.02   0.04   0.07   0.11   0.17  10000    1.0
v[172]           0.36  5.1e-4   0.05   0.25   0.32   0.36   0.39   0.45  10000   1.01
v[173]          -0.01  6.1e-4   0.06  -0.13  -0.05-9.5e-3   0.03   0.11  10000    1.0
v[174]           0.14  6.6e-4   0.07 4.1e-3   0.09   0.14   0.18   0.27  10000    1.0
v[175]           -0.1  7.2e-4   0.07  -0.24  -0.15   -0.1  -0.05   0.04  10000    1.0
v[176]           0.04  1.3e-3   0.04  -0.05 9.6e-3   0.04   0.06   0.12    981    1.0
v[177]           0.22  5.7e-4   0.06   0.11   0.19   0.22   0.26   0.33  10000    1.0
v[178]          -0.23  7.2e-4   0.07  -0.37  -0.28  -0.23  -0.18  -0.09  10000    1.0
v[179]            0.1  5.4e-4   0.05-2.1e-3   0.07    0.1   0.14   0.21  10000    1.0
v[180]          -0.14  7.7e-4   0.08   -0.3  -0.19  -0.14  -0.09 7.2e-3  10000    1.0
v[181]           0.07  5.6e-4   0.06  -0.04   0.04   0.07   0.11   0.18  10000    1.0
v[182]          -0.05  5.9e-4   0.06  -0.17  -0.09  -0.05-9.0e-3   0.07  10000    1.0
v[183]          -0.19  4.7e-4   0.05  -0.28  -0.22  -0.19  -0.16  -0.09  10000    1.0
v[184]          -0.02  6.4e-4   0.06  -0.15  -0.07  -0.02   0.02    0.1  10000    1.0
v[185]        -7.4e-3  5.9e-4   0.06  -0.12  -0.05-7.3e-3   0.03   0.11  10000    1.0
v[186]           0.09  6.0e-4   0.06  -0.03   0.05   0.09   0.13    0.2  10000    1.0
v[187]           0.19  4.6e-4   0.05   0.09   0.15   0.19   0.22   0.28  10000    1.0
v[188]           0.12  1.4e-3   0.04   0.04    0.1   0.12   0.15    0.2    848    1.0
v[189]          -0.04  4.4e-4   0.04  -0.13  -0.07  -0.04  -0.02   0.04  10000    1.0
v[190]          -0.13  4.6e-4   0.05  -0.22  -0.16  -0.13   -0.1  -0.04  10000    1.0
v[191]          -0.09  6.2e-4   0.06  -0.22  -0.13  -0.09  -0.05   0.03  10000    1.0
v[192]           -0.1  4.5e-4   0.04  -0.19  -0.13   -0.1  -0.07  -0.01  10000    1.0
v[193]           0.19  5.1e-4   0.05   0.09   0.16   0.19   0.23   0.29  10000    1.0
v[194]          -0.13  6.2e-4   0.06  -0.26  -0.17  -0.13  -0.09  -0.01  10000    1.0
v[195]            0.1  5.2e-4   0.05-4.1e-3   0.06    0.1   0.13    0.2  10000    1.0
v[196]           0.21  1.7e-3   0.04   0.12   0.18   0.21   0.23   0.28    589   1.01
v[197]           0.03  4.6e-4   0.05  -0.06 9.1e-5   0.03   0.06   0.12  10000    1.0
v[198]          -0.22  6.3e-4   0.06  -0.34  -0.26  -0.22  -0.17  -0.09  10000    1.0
v[199]          -0.16  6.7e-4   0.07  -0.29   -0.2  -0.16  -0.11  -0.03  10000    1.0
v[200]           0.15  5.3e-4   0.05   0.04   0.11   0.15   0.18   0.25  10000    1.0
v[201]           0.06  6.2e-4   0.06  -0.06   0.02   0.06    0.1   0.18  10000    1.0
v[202]          -0.01  6.4e-4   0.06  -0.14  -0.05-9.7e-3   0.03   0.11  10000    1.0
v[203]          -0.14  5.3e-4   0.05  -0.25  -0.18  -0.14  -0.11  -0.04  10000    1.0
v[204]          -0.02  4.6e-4   0.05  -0.11  -0.06  -0.02 7.0e-3   0.07  10000    1.0
v[205]          -0.23  6.5e-4   0.06  -0.36  -0.28  -0.23  -0.19  -0.11  10000    1.0
v[206]           0.03  5.6e-4   0.06  -0.08-8.9e-3   0.03   0.07   0.14  10000    1.0
v[207]          -0.04  4.6e-4   0.05  -0.13  -0.07  -0.04  -0.01   0.05  10000    1.0
v[208]           0.04  1.3e-3   0.04  -0.04   0.02   0.05   0.07   0.12    913    1.0
v[209]          -0.12  5.8e-4   0.06  -0.24  -0.16  -0.12  -0.08  -0.01  10000    1.0
lmbda[0]        -0.08  7.5e-4   0.07  -0.23  -0.14  -0.08  -0.03   0.06  10000    1.0
lmbda[1]         0.13  4.6e-4   0.05   0.04    0.1   0.13   0.16   0.22  10000    1.0
lmbda[2]          0.1  5.4e-4   0.05-1.9e-3   0.07   0.11   0.14   0.21  10000    1.0
lmbda[3]        -0.12  6.6e-4   0.07  -0.25  -0.16  -0.12  -0.07 6.5e-3  10000    1.0
lmbda[4]        -0.24  7.1e-4   0.07  -0.38  -0.29  -0.24  -0.19  -0.11  10000    1.0
lmbda[5]         0.12  4.9e-4   0.05   0.02   0.08   0.12   0.15   0.21  10000    1.0
lmbda[6]        -0.01  4.9e-4   0.05  -0.11  -0.04-9.7e-3   0.02   0.09  10000    1.0
lmbda[7]         0.14  4.4e-4   0.04   0.05   0.11   0.14   0.17   0.23  10000    1.0
lmbda[8]         0.08  4.9e-4   0.05  -0.02   0.05   0.08   0.11   0.17  10000    1.0
lmbda[9]         0.31  5.6e-4   0.06    0.2   0.27   0.31   0.35   0.42  10000    1.0
lmbda[10]       -0.07  5.1e-4   0.05  -0.17   -0.1  -0.07  -0.03   0.03  10000    1.0
lmbda[11]       -0.02  6.2e-4   0.06  -0.14  -0.06  -0.02   0.02    0.1  10000    1.0
lmbda[12]        0.12  6.2e-4   0.06-2.3e-3   0.08   0.12   0.16   0.24  10000    1.0
lmbda[13]        0.15  4.6e-4   0.05   0.06   0.12   0.15   0.18   0.24  10000    1.0
lmbda[14]        0.26  5.0e-4   0.05   0.16   0.22   0.26   0.29   0.36  10000    1.0
lmbda[15]        0.08  5.4e-4   0.05  -0.02   0.04   0.08   0.12   0.18  10000    1.0
lmbda[16]        0.07  5.6e-4   0.06  -0.04   0.04   0.08   0.11   0.19  10000    1.0
lmbda[17]     -6.8e-3  5.3e-4   0.05  -0.11  -0.04-7.0e-3   0.03    0.1  10000    1.0
lmbda[18]        0.05  1.4e-3   0.04  -0.03   0.03   0.05   0.08   0.14    956    1.0
lmbda[19]       -0.11  5.5e-4   0.05  -0.22  -0.14   -0.1  -0.07 1.8e-3  10000    1.0
lmbda[20]        0.18  4.9e-4   0.05   0.08   0.14   0.18   0.21   0.27  10000    1.0
lmbda[21]       -0.03  5.5e-4   0.05  -0.14  -0.06  -0.03   0.01   0.08  10000    1.0
lmbda[22]       -0.27  7.2e-4   0.07  -0.42  -0.32  -0.27  -0.22  -0.13  10000    1.0
lmbda[23]        0.08  4.9e-4   0.05  -0.02   0.05   0.08   0.11   0.18  10000    1.0
lmbda[24]        0.13  1.3e-3   0.04   0.05    0.1   0.13   0.16   0.21    816    1.0
lmbda[25]        0.09  5.7e-4   0.06  -0.03   0.05   0.09   0.13   0.19  10000    1.0
lmbda[26]        0.14  5.9e-4   0.06   0.03    0.1   0.14   0.18   0.26  10000    1.0
lmbda[27]        0.03  5.6e-4   0.06  -0.08-8.4e-3   0.03   0.07   0.13  10000    1.0
lmbda[28]        0.26  5.3e-4   0.05   0.15   0.22   0.26   0.29   0.36  10000    1.0
lmbda[29]       -0.18  6.1e-4   0.06   -0.3  -0.22  -0.18  -0.14  -0.06  10000    1.0
lmbda[30]       -0.07  6.2e-4   0.06  -0.19  -0.11  -0.07  -0.03   0.05  10000    1.0
lmbda[31]        0.01  7.1e-4   0.07  -0.13  -0.03   0.01   0.06   0.15  10000    1.0
lmbda[32]        0.06  4.7e-4   0.05  -0.03   0.03   0.06   0.09   0.15  10000    1.0
lmbda[33]       -0.14  6.0e-4   0.06  -0.25  -0.18  -0.14   -0.1  -0.02  10000    1.0
lmbda[34]       -0.17  5.2e-4   0.05  -0.27  -0.21  -0.17  -0.14  -0.07  10000    1.0
lmbda[35]        0.13  5.0e-4   0.05   0.03    0.1   0.13   0.16   0.23  10000    1.0
lmbda[36]       -0.03  6.8e-4   0.07  -0.17  -0.08  -0.03   0.01    0.1  10000    1.0
lmbda[37]       -0.07  5.5e-4   0.06  -0.18   -0.1  -0.07  -0.03   0.04  10000    1.0
lmbda[38]        0.12  4.9e-4   0.05   0.02   0.09   0.12   0.15   0.22  10000    1.0
lmbda[39]       -0.14  6.7e-4   0.07  -0.27  -0.19  -0.14   -0.1-9.9e-3  10000    1.0
lmbda[40]        0.21  4.3e-4   0.04   0.13   0.18   0.21   0.24   0.29  10000    1.0
lmbda[41]        -0.2  6.4e-4   0.06  -0.32  -0.24   -0.2  -0.15  -0.07  10000    1.0
lmbda[42]        0.09  5.4e-4   0.05  -0.02   0.05   0.09   0.12   0.19  10000    1.0
lmbda[43]      5.2e-3  5.1e-4   0.05   -0.1  -0.03 5.7e-3   0.04    0.1  10000    1.0
lmbda[44]       -0.15  6.8e-4   0.07  -0.29   -0.2  -0.15  -0.11  -0.02  10000    1.0
lmbda[45]       -0.01  4.5e-4   0.04   -0.1  -0.04  -0.01   0.02   0.08  10000    1.0
lmbda[46]       -0.16  5.6e-4   0.06  -0.27  -0.19  -0.16  -0.12  -0.05  10000    1.0
lmbda[47]        0.14  5.0e-4   0.05   0.04   0.11   0.14   0.17   0.24  10000    1.0
lmbda[48]        0.14  7.1e-4   0.07-6.1e-3   0.09   0.14   0.18   0.27  10000    1.0
lmbda[49]       -0.08  4.8e-4   0.05  -0.17  -0.11  -0.08  -0.04   0.02  10000    1.0
lmbda[50]       -0.06  4.7e-4   0.05  -0.15  -0.09  -0.06  -0.03   0.04  10000    1.0
lmbda[51]        0.15  4.8e-4   0.05   0.05   0.11   0.15   0.18   0.24  10000    1.0
lmbda[52]       -0.04  4.5e-4   0.04  -0.13  -0.07  -0.04  -0.01   0.04  10000    1.0
lmbda[53]       -0.06  5.6e-4   0.06  -0.17  -0.09  -0.06  -0.02   0.05  10000    1.0
lmbda[54]        0.31  5.2e-4   0.05    0.2   0.27   0.31   0.34   0.41  10000    1.0
lmbda[55]        0.25  4.7e-4   0.05   0.16   0.22   0.25   0.29   0.34  10000    1.0
lmbda[56]        0.22  4.6e-4   0.05   0.13   0.19   0.22   0.25   0.31  10000    1.0
lmbda[57]       -0.07  6.4e-4   0.06   -0.2  -0.12  -0.07  -0.03   0.05  10000    1.0
lmbda[58]       -0.21  6.0e-4   0.06  -0.33  -0.25  -0.21  -0.17  -0.09  10000    1.0
lmbda[59]        0.02  5.8e-4   0.06   -0.1  -0.02   0.02   0.06   0.13  10000    1.0
lmbda[60]     -4.6e-3  4.9e-4   0.05   -0.1  -0.04-4.4e-3   0.03   0.09  10000    1.0
lmbda[61]         0.1  6.7e-4   0.07  -0.03   0.06    0.1   0.15   0.23  10000    1.0
lmbda[62]       -0.06  1.3e-3   0.04  -0.14  -0.08  -0.06  -0.03   0.02    871    1.0
lmbda[63]        0.05  4.3e-4   0.04  -0.04   0.02   0.05   0.08   0.13  10000    1.0
lmbda[64]        0.07  4.4e-4   0.04  -0.02   0.04   0.07    0.1   0.15  10000    1.0
lmbda[65]       -0.07  5.3e-4   0.05  -0.17   -0.1  -0.06  -0.03   0.04  10000    1.0
lmbda[66]        0.11  8.5e-4   0.08  -0.06   0.05   0.11   0.17   0.28  10000    1.0
lmbda[67]       -0.19  4.6e-4   0.05  -0.28  -0.22  -0.19  -0.16   -0.1  10000    1.0
lmbda[68]       -0.05  7.3e-4   0.07   -0.2   -0.1  -0.05-2.4e-3   0.09  10000    1.0
lmbda[69]        0.02  6.5e-4   0.07  -0.11  -0.02   0.02   0.07   0.15  10000    1.0
lmbda[70]       -0.38  5.3e-4   0.05  -0.49  -0.42  -0.38  -0.35  -0.28  10000    1.0
lmbda[71]        0.18  4.9e-4   0.05   0.09   0.15   0.18   0.22   0.28  10000    1.0
lmbda[72]       -0.12  5.8e-4   0.06  -0.23  -0.16  -0.12  -0.08-8.3e-3  10000    1.0
lmbda[73]       -0.04  5.2e-4   0.05  -0.15  -0.08  -0.04-8.0e-3   0.06  10000    1.0
lmbda[74]        0.09  1.4e-3   0.04   0.02   0.07   0.09   0.12   0.16    674   1.01
lmbda[75]        0.03  6.3e-4   0.06  -0.09-9.5e-3   0.03   0.08   0.15  10000    1.0
lmbda[76]       -0.19  5.0e-4   0.05  -0.28  -0.22  -0.19  -0.15  -0.09  10000    1.0
lmbda[77]        0.05  4.7e-4   0.05  -0.04   0.02   0.05   0.08   0.14  10000    1.0
lmbda[78]        0.15  5.6e-4   0.06   0.04   0.11   0.15   0.19   0.26  10000    1.0
lmbda[79]       -0.07  6.4e-4   0.06  -0.19  -0.11  -0.07  -0.02   0.06  10000    1.0
lmbda[80]       -0.06  6.6e-4   0.07   -0.2  -0.11  -0.06  -0.02   0.06  10000    1.0
lmbda[81]        0.02  6.4e-4   0.06   -0.1  -0.02   0.02   0.07   0.15  10000    1.0
lmbda[82]        0.26  1.4e-3   0.04   0.19   0.24   0.26   0.29   0.33    713    1.0
lmbda[83]       -0.11  4.4e-4   0.04  -0.19  -0.13  -0.11  -0.08  -0.02  10000    1.0
lmbda[84]       -0.06  5.6e-4   0.06  -0.18   -0.1  -0.06  -0.03   0.04  10000    1.0
lmbda[85]       -0.16  6.7e-4   0.07   -0.3  -0.21  -0.16  -0.12  -0.03  10000    1.0
lmbda[86]       -0.09  1.4e-3   0.04  -0.17  -0.12  -0.09  -0.06-5.7e-3    984    1.0
lmbda[87]        -0.1  4.8e-4   0.05   -0.2  -0.13   -0.1  -0.07-7.5e-3  10000    1.0
lmbda[88]       -0.07  6.6e-4   0.07   -0.2  -0.11  -0.07  -0.02   0.06  10000    1.0
lmbda[89]       -0.06  5.7e-4   0.06  -0.17   -0.1  -0.06  -0.02   0.06  10000    1.0
lmbda[90]       -0.04  5.2e-4   0.05  -0.15  -0.08  -0.04-6.6e-3   0.06  10000    1.0
lmbda[91]        0.01  5.4e-4   0.05  -0.09  -0.02   0.01   0.05   0.12  10000    1.0
lmbda[92]        0.04  5.4e-4   0.05  -0.07 1.3e-3   0.04   0.08   0.14  10000    1.0
lmbda[93]       -0.05  1.4e-3   0.04  -0.12  -0.07  -0.05  -0.02   0.03    894    1.0
lmbda[94]        0.11  4.4e-4   0.04   0.02   0.08   0.11   0.14   0.19  10000    1.0
lmbda[95]        0.11  5.0e-4   0.05 8.0e-3   0.07   0.11   0.14    0.2  10000    1.0
lmbda[96]       -0.07  4.9e-4   0.05  -0.17  -0.11  -0.07  -0.04   0.02  10000    1.0
lmbda[97]        0.05  4.7e-4   0.05  -0.05   0.01   0.05   0.08   0.14  10000    1.0
lmbda[98]       -0.06  4.8e-4   0.05  -0.16   -0.1  -0.06  -0.03   0.03  10000    1.0
lmbda[99]       -0.05  6.0e-4   0.06  -0.17  -0.09  -0.05  -0.01   0.06  10000    1.0
lmbda[100]       0.19  4.7e-4   0.05   0.09   0.15   0.19   0.22   0.28  10000    1.0
lmbda[101]       0.05  5.9e-4   0.06  -0.07 7.4e-3   0.05   0.09   0.16  10000    1.0
lmbda[102]      -0.17  5.2e-4   0.05  -0.27   -0.2  -0.17  -0.13  -0.06  10000    1.0
lmbda[103]      -0.14  5.3e-4   0.05  -0.24  -0.17  -0.14   -0.1  -0.03  10000    1.0
lmbda[104]       0.13  6.8e-4   0.07  -0.01   0.08   0.13   0.17   0.26  10000    1.0
lmbda[105]      -0.05  1.3e-3   0.04  -0.13  -0.08  -0.05  -0.02   0.03   1008    1.0
lmbda[106]       0.04  1.3e-3   0.03  -0.02   0.02   0.04   0.07   0.11    628   1.01
lmbda[107]      -0.23  1.4e-3   0.04  -0.32  -0.26  -0.23   -0.2  -0.15    968    1.0
lmbda[108]       0.09  1.4e-3   0.04 9.7e-3   0.06   0.09   0.12   0.18    928    1.0
lmbda[109]      -0.15  5.8e-4   0.06  -0.26  -0.19  -0.15  -0.11  -0.04  10000    1.0
lmbda[110]      -0.15  1.3e-3   0.04  -0.24  -0.18  -0.15  -0.13  -0.08    920    1.0
lmbda[111]     2.2e-3  5.8e-4   0.06  -0.11  -0.04 3.0e-3   0.04   0.11  10000    1.0
lmbda[112]       0.09  1.3e-3   0.04 2.8e-3   0.06   0.09   0.12   0.17   1010    1.0
lmbda[113]      -0.05  4.9e-4   0.05  -0.15  -0.09  -0.05  -0.02   0.04  10000    1.0
lmbda[114]      -0.13  6.1e-4   0.06  -0.26  -0.18  -0.13  -0.09  -0.01  10000    1.0
lmbda[115]      -0.03  5.7e-4   0.06  -0.14  -0.07  -0.03 9.9e-3   0.08  10000    1.0
lmbda[116]       0.02  4.9e-4   0.05  -0.08  -0.01   0.02   0.05   0.12  10000    1.0
lmbda[117]       0.05  6.1e-4   0.06  -0.07 7.0e-3   0.05   0.09   0.16  10000    1.0
lmbda[118]       -0.1  4.8e-4   0.05  -0.19  -0.13   -0.1  -0.07-4.9e-3  10000    1.0
lmbda[119]     8.7e-3  5.7e-4   0.06   -0.1  -0.03 9.1e-3   0.05   0.12  10000    1.0
lmbda[120]      -0.12  5.3e-4   0.05  -0.22  -0.15  -0.12  -0.08  -0.02  10000    1.0
lmbda[121]       0.16  5.2e-4   0.05   0.05   0.12   0.16   0.19   0.26  10000    1.0
lmbda[122]       0.03  4.4e-4   0.04  -0.06-3.4e-3   0.03   0.06   0.11  10000    1.0
lmbda[123]       0.02  5.1e-4   0.05  -0.08  -0.01   0.02   0.06   0.13  10000    1.0
lmbda[124]       0.03  4.4e-4   0.04  -0.06 2.7e-3   0.03   0.06   0.12  10000    1.0
lmbda[125]       0.11  1.3e-3   0.04   0.03   0.08   0.11   0.14    0.2   1067    1.0
lmbda[126]       0.14  5.0e-4   0.05   0.04    0.1   0.14   0.17   0.23  10000    1.0
lmbda[127]       0.17  4.7e-4   0.05   0.07   0.14   0.17    0.2   0.26  10000    1.0
lmbda[128]       0.06  4.2e-4   0.04  -0.02   0.04   0.06   0.09   0.15  10000    1.0
lmbda[129]       0.21  1.3e-3   0.04   0.12   0.18   0.21   0.23   0.29    949    1.0
lmbda[130]       0.12  4.5e-4   0.04   0.03   0.09   0.12   0.15    0.2  10000    1.0
lmbda[131]      -0.03  5.0e-4   0.05  -0.13  -0.06  -0.03 5.6e-3   0.07  10000    1.0
lmbda[132]       0.28  4.6e-4   0.05   0.18   0.24   0.27   0.31   0.37  10000    1.0
lmbda[133]      -0.12  5.9e-4   0.06  -0.24  -0.16  -0.12  -0.08  -0.01  10000    1.0
lmbda[134]       0.03  4.8e-4   0.05  -0.07-4.9e-3   0.03   0.06   0.12  10000    1.0
lmbda[135]       0.02  5.0e-4   0.05  -0.08  -0.01   0.02   0.05   0.12  10000    1.0
lmbda[136]       0.07  5.0e-4   0.05  -0.03   0.04   0.07   0.11   0.17  10000    1.0
lmbda[137]       0.05  4.7e-4   0.05  -0.05   0.01   0.05   0.08   0.14  10000    1.0
lmbda[138]       0.09  5.2e-4   0.05  -0.01   0.05   0.09   0.12   0.19  10000    1.0
lmbda[139]      -0.06  6.0e-4   0.06  -0.17   -0.1  -0.05  -0.01   0.06  10000    1.0
lmbda[140]    -1.8e-3  4.7e-4   0.05   -0.1  -0.03-1.6e-3   0.03   0.09  10000    1.0
lmbda[141]       0.08  4.7e-4   0.05-7.7e-3   0.05   0.08   0.12   0.17  10000    1.0
lmbda[142]       0.37  1.4e-3   0.04   0.29   0.34   0.37    0.4   0.45    909    1.0
lmbda[143]       0.22  4.4e-4   0.04   0.13   0.19   0.22   0.25   0.31  10000    1.0
lmbda[144]      -0.22  5.9e-4   0.06  -0.33  -0.26  -0.22  -0.18   -0.1  10000    1.0
lmbda[145]       0.14  4.6e-4   0.05   0.05   0.11   0.14   0.17   0.23  10000    1.0
lmbda[146]      -0.13  5.7e-4   0.06  -0.24  -0.17  -0.13  -0.09  -0.02  10000    1.0
lmbda[147]      -0.14  5.8e-4   0.06  -0.26  -0.18  -0.14   -0.1  -0.03  10000    1.0
lmbda[148]      -0.05  5.2e-4   0.05  -0.16  -0.09  -0.05  -0.02   0.05  10000    1.0
lmbda[149]       0.03  4.9e-4   0.05  -0.06-1.2e-3   0.03   0.06   0.13  10000    1.0
lmbda[150]      -0.16  5.0e-4   0.05  -0.25  -0.19  -0.16  -0.12  -0.06  10000    1.0
lmbda[151]      -0.13  5.6e-4   0.06  -0.24  -0.17  -0.13  -0.09  -0.02  10000    1.0
lmbda[152]       0.08  5.7e-4   0.06  -0.03   0.05   0.08   0.12    0.2  10000    1.0
lmbda[153]      -0.05  6.7e-4   0.07  -0.19   -0.1  -0.05-3.4e-3   0.08  10000    1.0
lmbda[154]       -0.1  5.2e-4   0.05   -0.2  -0.13   -0.1  -0.06 7.4e-3  10000    1.0
lmbda[155]       0.04  5.5e-4   0.05  -0.06 4.1e-3   0.04   0.08   0.15  10000    1.0
lmbda[156]       0.03  5.9e-4   0.06  -0.09  -0.01   0.03   0.07   0.14  10000    1.0
lmbda[157]      -0.08  1.4e-3   0.04  -0.16   -0.1  -0.08  -0.05 5.1e-3    885    1.0
lmbda[158]      -0.12  7.4e-4   0.07  -0.26  -0.17  -0.11  -0.07   0.03  10000    1.0
lmbda[159]       0.17  4.8e-4   0.05   0.07   0.13   0.17    0.2   0.26  10000    1.0
lmbda[160]      -0.12  5.7e-4   0.06  -0.23  -0.15  -0.12  -0.08-6.7e-3  10000    1.0
lmbda[161]       0.04  5.2e-4   0.05  -0.06 5.7e-3   0.04   0.08   0.14  10000    1.0
lmbda[162]      -0.11  5.9e-4   0.06  -0.23  -0.15  -0.11  -0.07 1.5e-3  10000    1.0
lmbda[163]      -0.07  5.2e-4   0.05  -0.17  -0.11  -0.07  -0.04   0.03  10000    1.0
lmbda[164]       0.02  5.1e-4   0.05  -0.08-9.9e-3   0.03   0.06   0.12  10000    1.0
lmbda[165]      -0.24  4.9e-4   0.05  -0.34  -0.27  -0.24  -0.21  -0.15  10000    1.0
lmbda[166]      -0.24  6.2e-4   0.06  -0.37  -0.29  -0.24   -0.2  -0.12  10000    1.0
lmbda[167]      -0.15  7.4e-4   0.07  -0.29   -0.2  -0.15   -0.1-1.3e-3  10000    1.0
lmbda[168]       0.22  6.7e-4   0.07   0.09   0.17   0.22   0.26   0.35  10000    1.0
lmbda[169]       0.09  6.5e-4   0.07  -0.04   0.04   0.09   0.13   0.21  10000    1.0
lmbda[170]    -8.9e-3  6.3e-4   0.06  -0.14  -0.05-7.8e-3   0.03   0.11  10000    1.0
lmbda[171]       0.08  4.3e-4   0.04-6.7e-3   0.05   0.08   0.11   0.16  10000    1.0
lmbda[172]       0.36  4.6e-4   0.05   0.27   0.33   0.36   0.39   0.45  10000    1.0
lmbda[173]      -0.01  5.7e-4   0.06  -0.13  -0.05-8.9e-3   0.03    0.1  10000    1.0
lmbda[174]       0.14  6.3e-4   0.06   0.01    0.1   0.14   0.18   0.26  10000    1.0
lmbda[175]       -0.1  7.0e-4   0.07  -0.24  -0.15   -0.1  -0.05   0.04  10000    1.0
lmbda[176]       0.04  1.3e-3   0.04  -0.03   0.01   0.04   0.06   0.11    726    1.0
lmbda[177]       0.23  5.2e-4   0.05   0.12   0.19   0.23   0.26   0.33  10000    1.0
lmbda[178]      -0.23  6.9e-4   0.07  -0.37  -0.28  -0.23  -0.18   -0.1  10000    1.0
lmbda[179]       0.11  5.1e-4   0.05 5.3e-3   0.07   0.11   0.14    0.2  10000    1.0
lmbda[180]      -0.14  7.4e-4   0.07  -0.29  -0.19  -0.14   -0.1-5.8e-4  10000    1.0
lmbda[181]       0.08  5.1e-4   0.05  -0.02   0.04   0.08   0.11   0.17  10000    1.0
lmbda[182]      -0.05  5.5e-4   0.06  -0.16  -0.09  -0.05  -0.01   0.06  10000    1.0
lmbda[183]      -0.19  1.3e-3   0.04  -0.27  -0.22  -0.19  -0.17  -0.11    898    1.0
lmbda[184]      -0.02  6.1e-4   0.06  -0.14  -0.06  -0.02   0.02   0.09  10000    1.0
lmbda[185]    -8.0e-3  5.6e-4   0.06  -0.12  -0.05-8.6e-3   0.03    0.1  10000    1.0
lmbda[186]       0.09  5.6e-4   0.06  -0.02   0.05   0.09   0.13    0.2  10000    1.0
lmbda[187]       0.19  1.3e-3   0.04   0.11   0.16   0.19   0.21   0.26    876    1.0
lmbda[188]       0.13  1.3e-3   0.03   0.06    0.1   0.13   0.15   0.19    625   1.01
lmbda[189]      -0.05  1.4e-3   0.04  -0.12  -0.07  -0.05  -0.02   0.03    774   1.01
lmbda[190]      -0.13  1.4e-3   0.04  -0.21  -0.16  -0.13   -0.1  -0.05    862   1.01
lmbda[191]       -0.1  5.8e-4   0.06  -0.21  -0.13  -0.09  -0.06   0.02  10000    1.0
lmbda[192]      -0.11  1.4e-3   0.04  -0.18  -0.13  -0.11  -0.08  -0.03    823    1.0
lmbda[193]       0.19  4.6e-4   0.05    0.1   0.16   0.19   0.22   0.28  10000    1.0
lmbda[194]      -0.13  5.8e-4   0.06  -0.25  -0.17  -0.13  -0.09  -0.02  10000    1.0
lmbda[195]        0.1  4.7e-4   0.05 6.8e-3   0.06    0.1   0.13   0.19  10000    1.0
lmbda[196]       0.21  1.4e-3   0.03   0.15   0.19   0.21   0.24   0.28    590   1.01
lmbda[197]       0.03  1.4e-3   0.04  -0.05 4.5e-3   0.03   0.06   0.11    901    1.0
lmbda[198]      -0.22  5.9e-4   0.06  -0.33  -0.26  -0.22  -0.18   -0.1  10000    1.0
lmbda[199]      -0.16  6.4e-4   0.06  -0.29   -0.2  -0.16  -0.12  -0.04  10000    1.0
lmbda[200]       0.15  4.8e-4   0.05   0.05   0.12   0.15   0.18   0.24  10000    1.0
lmbda[201]       0.06  5.7e-4   0.06  -0.06   0.02   0.06    0.1   0.17  10000    1.0
lmbda[202]      -0.01  6.0e-4   0.06  -0.13  -0.05-10.0e-3   0.03   0.11  10000    1.0
lmbda[203]      -0.15  4.9e-4   0.05  -0.24  -0.18  -0.15  -0.11  -0.05  10000    1.0
lmbda[204]      -0.02  1.4e-3   0.04   -0.1  -0.05  -0.02 3.1e-3   0.06    872    1.0
lmbda[205]      -0.24  6.1e-4   0.06  -0.36  -0.28  -0.24   -0.2  -0.12  10000    1.0
lmbda[206]       0.03  5.3e-4   0.05  -0.08-7.8e-3   0.03   0.06   0.13  10000    1.0
lmbda[207]      -0.04  1.4e-3   0.04  -0.12  -0.07  -0.04  -0.02   0.04    884    1.0
lmbda[208]       0.05  1.3e-3   0.03  -0.02   0.02   0.05   0.07   0.11    635   1.01
lmbda[209]      -0.12  5.3e-4   0.05  -0.23  -0.16  -0.12  -0.09  -0.02  10000    1.0
sigma_v          6.69  5.6e-3   0.56   5.62    6.3   6.67   7.06   7.82  10000    1.0
sigma_temporal   0.15  3.2e-4   0.03    0.1   0.13   0.14   0.17   0.22  10000    1.0
sigma_l          0.02  2.5e-3   0.01 3.0e-3 8.0e-3   0.02   0.03   0.05     26   1.09
constant         0.05  3.8e-3   0.15  -0.25  -0.05   0.05   0.14   0.34   1538    1.0
lp__            2.7e5   38.29 162.46  2.7e5  2.7e5  2.7e5  2.7e5  2.7e5     18   1.16

Samples were drawn using NUTS at Mon Jan 16 05:02:48 2017.
For each parameter, n_eff is a crude measure of effective sample size,
and Rhat is the potential scale reduction factor on split chains (at 
convergence, Rhat=1).
